5
0.428921,
0.609903,
0.428902,
0.510564,
0.255539,
0.432608,
0.60835,
0.637462,
0.323551,
0.625806,
0.691373,
0.268819,
0.422352,
0.523004,
0.568158,
0.529218,
0.630517,
0.214043,
0.412879,
0.417401,
0.869529,
0.376356,
0.291158,
0.301329,
0.362784,
0.588876,
0.455918,
0.39506,
0.502524,
0.63871,
0.504981,
0.474155,
0.43388,
0.2164,
0.37924,
0.485687,
0.499468,
0.437878,
0.212515,
0.122458,
0.415873,
0.713717,
0.357243,
0.706718,
0.467331,
0.607513,
0.449396,
0.396983,
0.536216,
0.67333,
0.574233,
0.222747,
0.427194,
0.573354,
0.38427,
0.46965,
0.626607,
0.480623,
0.312714,
0.474969,
0.450002,
0.414238,
0.516177,
0.491494,
0.571767,
0.347778,
0.486403,
0.615712,
0.551184,
0.551188,
0.464359,
0.724606,
0.34511,
0.302178,
0.621482,
0.492335,
0.381357,
0.487876,
0.647069,
0.604282,
0.575609,
0.458685,
0.446655,
0.751787,
0.683659,
0.430699,
0.476816,
0.475271,
0.663109,
0.501784,
0.0817711,
0.583017,
0.237178,
0.524362,
0.816038,
0.745317,
0.583793,
0.606967,
0.386683,
0.45549,
0.473841,
0.451357,
0.722352,
0.527703,
0.502815,
0.386427,
0.629923,
0.16402,
0.434652,
0.576006,
0.137949,
0.474252,
0.38186,
0.56767,
0.476093,
0.246569,
0.383523,
0.737081,
0.592585,
0.507233,
0.69437,
0.523177,
0.732728,
0.486232,
0.526622,
0.403978,
0.871973,
0.660162,
0.201525,
0.360506,
0.43121,
0.619718,
0.504744,
0.50252,
0.713118,
0.564484,
0.47483,
0.19602,
0.562371,
0.697324,
0.516976,
0.470519,
0.318504,
0.650012,
0.498225,
0.425928,
0.573121,
0.422623,
0.625492,
0.547631,
0.609837,
0.573888,
0.423934,
0.380322,
0.560144,
0.434376,
0.459444,
0.297614,
0.401728,
0.428199,
0.50109,
0.584283,
0.76037,
0.564796,
0.386356,
0.494024,
0.521382,
0.704677,
0.491434,
0.408041,
0.619164,
0.47891,
0.597208,
0.436609,
0.588636,
0.605497,
0.289238,
0.362199,
0.469749,
0.484388,
0.559495,
0.621648,
0.605138,
0.549255,
0.589269,
0.313527,
0.360101,
0.49051,
0.266759,
0.567059,
0.511132,
0.224003,
0.487329,
0.451719,
0.527277,
0.40772,
0.303509,
0.435629,
0.299656,
0.584409,
0.335551,
0.556199,
0.374865,
0.628795,
0.541057,
0.389138,
0.569419,
0.250738,
0.538371,
0.511061,
0.476205,
0.582023,
0.645757,
0.377211,
0.323458,
0.587971,
0.518006,
0.358808,
0.577398,
0.365273,
0.616319,
0.290301,
0.68719,
0.331947,
0.641625,
0.323561,
0.243806,
0.589894,
0.689494,
0.634439,
0.644863,
0.37975,
0.63123,
0.468327,
0.613329,
0.42085,
0.327691,
0.2736,
0.55632,
0.684506,
0.507629,
0.313509,
0.705514,
0.690854,
0.433812,
0.452822,
0.471941,
0.518783,
0.340664,
0.497683,
0.439872,
0.487785,
0.544742,
0.452358,
0.333094,
0.551068,
0.93087,
0.567218,
0.22958,
0.553888,
0.450929,
0.292408,
0.277637,
0.0615909,
0.51859,
0.230331,
0.486324,
0.650919,
0.575811,
0.126004,
0.541923,
0.574254,
0.322547,
0.530649,
0.402945,
0.487224,
0.311353,
0.490734,
0.623887,
0.288461,
0.617859,
0.41887,
0.354022,
0.774716,
0.710702,
0.542743,
0.585953,
0.64509,
0.267455,
0.348845,
0.667559,
0.395751,
0.644752,
0.281639,
0.230442,
0.378925,
0.398658,
0.7275,
0.291641,
0.317451,
0.647458,
0.633489,
0.37645,
0.572887,
0.339265,
0.485008,
0.498976,
0.520818,
0.551432,
0.441797,
0.597521,
0.432009,
0.452573,
0.575231,
0.34032,
0.4151,
0.605185,
0.455995,
0.438407,
0.629645,
0.409615,
0.580283,
0.653169,
0.394198,
0.275096,
0.51477,
0.368646,
0.415652,
0.606193,
0.603685,
0.604212,
0.403704,
0.431278,
0.39924,
0.790835,
0.710783,
0.45452,
0.500972,
0.391275,
0.345179,
0.518686,
0.48205,
0.455173,
0.684113,
0.637224,
0.687295,
0.572802,
0.305902,
0.289464,
0.382332,
0.616888,
0.576298,
0.787998,
0.699341,
0.425717,
0.910921,
0.617203,
0.421017,
0.331323,
0.451777,
0.509577,
0.581363,
0.467169,
0.577386,
0.424594,
0.491879,
0.332862,
0.305238,
0.494115,
0.435661,
0.565429,
0.460823,
0.469795,
0.602596,
0.446757,
0.363413,
0.491814,
0.552583,
0.505897,
0.383335,
0.67224,
0.520602,
0.363815,
0.600976,
0.548178,
0.51384,
0.586689,
0.544176,
0.61219,
0.673145,
0.472516,
0.557147,
0.340063,
0.663516,
0.561103,
0.467073,
0.554938,
0.478674,
0.362182,
0.575576,
0.416742,
0.374031,
0.64787,
0.554536,
0.708277,
0.466119,
0.449805,
0.469492,
0.733629,
0.513329,
0.547797,
0.242806,
0.29048,
0.40854,
0.434009,
0.56594,
0.531904,
0.853161,
0.529131,
0.548762,
0.641038,
0.343108,
0.543625,
0.552066,
0.516519,
0.520814,
0.724812,
0.48442,
0.776644,
0.554977,
0.679287,
0.583101,
0.409978,
0.612273,
0.458131,
0.309777,
0.680953,
0.118152,
0.410379,
0.483871,
0.592533,
0.588615,
0.523075,
0.65835,
0.229599,
0.594765,
0.637126,
0.392197,
0.530559,
0.551309,
0.593391,
0.636461,
0.659804,
0.47886,
0.409391,
0.374526,
0.559771,
0.55354,
0.525644,
0.484672,
0.518866,
0.619963,
0.489523,
0.574013,
0.484233,
1,
0.49537,
0.494226,
0.53128,
0.485331,
0.480995,
0.56688,
0.647118,
0.5488,
0.460522,
0.426807,
0.503195,
0.494941,
0.415324,
0.348078,
0.518335,
0.677045,
0.617886,
0.404515,
0.410002,
0.507244,
0.757093,
0.729299,
0.564222,
0.47247,
0.400222,
0.623912,
0.350798,
0.225738,
0.418495,
0.439415,
0.552874,
0.501996,
0.832984,
0.423397,
0.680097,
0.469304,
0.667167,
0.689366,
0.558667,
0.550219,
0.401528,
0.387644,
0.663801,
0.289236,
0.308164,
0.544148,
0.428095,
0.440743,
0.530153,
0.627088,
0.571775,
0.64879,
0.51732,
0.429941,
0.451593,
0.413453,
0.583606,
0.331047,
0.559538,
0.515607,
0.557585,
0.523982,
0.709138,
0.22511,
0.639444,
0.369047,
0.659663,
0.504402,
0.40247,
0.735541,
0.636104,
0.658679,
0.511325,
0.48003,
0.550949,
0.546952,
0.630598,
0.358855,
0.457506,
0.43346,
0.64276,
0.464273,
0.557882,
0.451009,
0.645522,
0.63212,
0.396094,
0.523515,
0.590876,
0.420313,
0.725884,
0.357289,
0.762832,
0.513798,
0.468675,
0.478314,
0.734304,
0.35101,
0.676916,
0.460688,
0.288165,
0.785802,
0.606086,
0.58686,
0.374341,
0.707557,
0.638414,
0.693493,
0.750233,
0.408088,
0.419098,
0.407662,
0.298412,
0.44916,
0.560593,
0.844402,
0.324493,
0.571975,
0.765791,
0.745992,
0.594182,
0.26773,
0.396116,
0.506622,
0.570758,
0.470926,
0.35595,
0.542077,
0.443224,
0.484352,
0.425359,
0.370274,
0.350126,
0.647807,
0.54124,
0.732399,
0.576851,
0.596096,
0.545803,
0.471329,
0.58752,
0.397842,
0.351677,
0.498777,
0.268575,
0.490265,
0.570675,
0.549351,
0.455831,
0.457653,
0.406487,
0.529094,
0.71925,
0.419869,
0.757343,
0.559356,
0.912184,
0.31876,
0.387711,
0.47536,
0.69385,
0.536844,
0.608124,
0.637318,
0.280903,
0.617475,
0.424783,
0.530875,
0.622636,
0.504191,
0.296765,
0.443814,
0.192788,
0.647983,
0.678729,
0.476241,
0.45972,
0.742471,
0.453755,
0.437711,
0.473286,
0.777498,
0.593992,
0.499799,
0.514157,
0.476339,
0.555392,
0.504851,
0.413221,
0.457831,
0.360687,
0.573966,
0.557495,
0.529029,
0.516474,
0.365531,
0.353296,
0.402791,
0.522063,
0.652071,
0.746728,
0.766261,
0.587703,
0.600203,
0.463527,
0.518393,
0.483187,
0.472697,
0.496387,
0.458319,
0.687508,
0.553042,
0.252099,
0.628211,
0.526161,
0.522596,
0.479487,
0.528919,
0.518058,
0.318565,
0.643238,
0.395554,
0.506615,
0.423896,
0.451967,
0.436527,
0.424326,
0.944532,
0.387367,
0.766534,
0.114703,
0.476302,
0.317456,
0.658428,
0.794571,
0.439258,
0.578457,
0.662172,
0.370988,
0.422173,
0.356256,
0.490239,
0.429013,
0.39384,
0.503421,
0.444235,
0.564054,
0.437601,
0.332682,
0.906326,
0.614937,
0.608956,
0.493772,
0.5169,
0.567217,
0.456519,
0.506938,
0.595106,
0.383366,
0.46603,
0.536972,
0.465801,
0.408714,
0.690657,
0.336076,
0.423821,
0.466682,
0.442062,
0.421178,
0.229128,
0.70457,
0.584079,
0.406682,
0.46318,
0.42941,
0.627348,
0.428091,
0.586195,
0.506899,
0.304556,
0.309816,
0.623701,
0.389924,
0.548327,
0.749484,
0.720277,
0.554463,
0.485194,
0.781731,
0.600205,
0.545785,
0.550268,
0.377377,
0.488429,
0.320828,
0.65558,
0.350111,
0.268373,
0.601501,
0.424139,
0.564098,
0.382159,
0.726347,
0.356926,
0.866204,
0.62407,
0.691618,
0.415422,
0.624198,
0.781812,
0.599882,
0.445401,
0.482315,
0.433491,
0.550092,
0.485498,
0.71878,
0.623274,
0.592273,
0.386082,
0.577995,
0.311687,
0.270651,
0.324337,
0.578033,
0.317353,
0.384385,
0.685924,
0.67862,
0.787083,
0.448049,
0.396412,
0.404132,
0.430206,
0.559796,
0.51912,
0.645048,
0.505275,
0.315588,
0.495232,
0.559206,
0.285486,
0.619862,
0.721089,
0.692435,
0.345299,
0.480064,
0.727033,
0.387289,
0.495918,
0.223679,
0.480488,
0.640834,
0.598618,
0.56147,
0.577055,
0.488824,
0.489775,
0.417109,
0.121691,
0.524198,
0.506976,
0.457016,
0.552302,
0.477,
0.397022,
0.617284,
0.531336,
0.45361,
0.623282,
0.341681,
0.365848,
0.470622,
0.296995,
0.744383,
0.389633,
0.598512,
0.574851,
0.218497,
0.444582,
0.571987,
0.410456,
0.362048,
0.5,
0.350215,
0.395706,
0.379151,
0.428088,
0.421458,
0.664665,
0.203747,
0.524954,
0.471518,
0.404937,
0.429676,
0.748718,
0.249956,
0.347377,
0.507655,
0.662231,
0.61758,
0.309376,
0.557554,
0.504013,
0.28105,
0.517501,
0.623446,
0.366083,
0.363273,
0.479841,
0.701252,
0.308677,
0.514731,
0.405029,
0.796916,
0.451498,
0.272031,
0.492084,
0.426573,
0.613595,
0.701559,
0.642803,
0.479896,
0.532326,
0.290728,
0.58392,
0.453428,
0.344655,
0.670483,
0.664923,
0.554856,
0.59368,
0.724701,
0.349645,
0.57729,
0.919827,
0.555149,
0.634548,
0.582,
0.545131,
0.512413,
0.429807,
0.560523,
0.425877,
0.627913,
0.556914,
0.762628,
0.516006,
0.577722,
0.370013,
0.452289,
0.496782,
0.743997,
0.588139,
0.524389,
0.42926,
0.654234,
0.448628,
0.943794,
0.452071,
0.434275,
0.65893,
0.67624,
0.326489,
0.680522,
0.480523,
0.715351,
0.664647,
0.453975,
0.536927,
0.645324,
0.245062,
0.431139,
0.353318,
0.452698,
0.783767,
0.675831,
0.434458,
0.775494,
0.339883,
0.520504,
0.580631,
0.591051,
0.669422,
0.29397,
0.558456,
0.406608,
0.295611,
0.514384,
0.686781,
0.289511,
0.592491,
0.456553,
0.410773,
0.345468,
0.336276,
0.785263,
0.505311,
0.329443,
0.275154,
0.330035,
0.603281,
0.594856,
0.753274,
0.631315,
0.858984,
0.320202,
0.460687,
0.554766,
0.580471,
0.5561,
0.381501,
0.384064,
0.552855,
0.522093,
0.566603,
0.631688,
0.601716,
0.629223,
0.477621,
0.511313,
0.673741,
0.376665,
0.641606,
0.885145,
0.619274,
0.404299,
0.207858,
0.460275,
0.768983,
0.508523,
0.55391,
0.724276,
0.498311,
0.405099,
0.237745,
0.702441,
0.308687,
0.62082,
0.503632,
0.659714,
0.715789,
0.53006,
0.531246,
0.634802,
0.456376,
0.59689,
0.553246,
0.679452,
0.72496,
0.794518,
0.272664,
0.498323,
0.455564,
0.441866,
0.635931,
0.277483,
0.342459,
0.394808,
0.505317,
0.55949,
0.699197,
0.389434,
0.550807,
0.560725,
0.620254,
0.574548,
0.597954,
0.473197,
0.495208,
0.399928,
0.398042,
0.213745,
0.563465,
0.443213,
0.652157,
0.716346,
0.500699,
0.538263,
0.690191,
0.53538,
0.451157,
0.422682,
0.673799,
0.392731,
0.479135,
0.387926,
0.369732,
0.599319,
0.579777,
0.707924,
0.633067,
0.577443,
0.325813,
0.429491,
0.38668,
0.466818,
0.387168,
0.17547,
0.696165,
0.500949,
0.276299,
0.462489,
0.470921,
0.680962,
0.383133,
0.345898,
0.556078,
0.167906,
0.502344,
0.664481,
0.622639,
0.541892,
0.439483,
0.366669,
0.200376,
0.501145,
0.350294,
0.4059,
0.324054,
0.571201,
0.419747,
0.177049,
0.252903,
0.477687,
0.704884,
0.285993,
0.352462,
0.448003,
0.483048,
0.820676,
0.531162,
0.454984,
0.488343,
0.640785,
0.232248,
0.70303,
0.426147,
0.466282,
0.620161,
0.446871,
0.124825,
0.576451,
0.532867,
0.258378,
0.416024,
0.295528,
0.679111,
0.635512,
0.354373,
0.474841,
0.623307,
0.521077,
0.666663,
0.464675,
0.395487,
0.434719,
0.439136,
0.580079,
0.678828,
0.640144,
0.627717,
0.80584,
0.521242,
0.709972,
0.619551,
0.692818,
0.313483,
0.622156,
0.67351,
0.584443,
0.519329,
0.504631,
0.415505,
0.558944,
0.11693,
0.505285,
0.715817,
0.643381,
0.682532,
0.376235,
0.63422,
0.375398,
0.71712,
0.518153,
0.214966,
0.759354,
0.576287,
0.504559,
0.505507,
0.621921,
0.692344,
0.580487,
0.519532,
0.681516,
0.252923,
0.668951,
0.311063,
0.405772,
0.60785,
0.51598,
0.417586,
0.610838,
0.313478,
0.698121,
0.510649,
0.553709,
0.527767,
0.543473,
0.481322,
0.46782,
0.424845,
0.534404,
0.414087,
0.564979,
0.479268,
0.510282,
0.234739,
0.64445,
0.582064,
0.344672,
0.535035,
0.450489,
0.611555,
0.388659,
0.418045,
0.49898,
0.637934,
0.509275,
0.880418,
0.45181,
0.566188,
0.406593,
0.65384,
0.592681,
0.391492,
0.58875,
0.535178,
0.368768,
0.4169,
0.651619,
0.590511,
0.890444,
0.519135,
0.484654,
0.639308,
0.174191,
0.274593,
0.439654,
0.662105,
0.472831,
0.432442,
0.359545,
0.341394,
0.349957,
0.206131,
0.495644,
0.416772,
0.602656,
0.743771,
0.46498,
0.534081,
0.475678,
0.616814,
0.458532,
0.491061,
0.349983,
0.541248,
0.707654,
0.566349,
0.818187,
0.355511,
0.508371,
0.475246,
0.537321,
0.642155,
0.448079,
0.389824,
0.570286,
0.51283,
0.705147,
0.662825,
0.938932,
0.571023,
0.472324,
0.564584,
0.592373,
0.778546,
0.642918,
0.391998,
0.577768,
0.698819,
0.710318,
0.130033,
0.441301,
0.46071,
0.555542,
0.646245,
0.769501,
0.273244,
0.629992,
0.483661,
0.600271,
0.467755,
0.425602,
0.0126123,
0.70831,
0.521262,
0.501099,
0.510207,
0.416722,
0.562244,
0.258069,
0.695636,
0.295532,
0.829928,
0.543001,
0.39731,
0.614876,
0.406162,
0.607485,
0.606131,
0.618418,
0.371643,
0.637079,
0.388575,
0.388845,
0.618058,
0.4078,
0.44758,
0.253489,
0.728951,
0.466897,
0.342679,
0.562101,
0.572802,
0.515705,
0.603325,
0.715246,
0.378326,
0.443844,
0.354931,
0.346263,
0.546662,
0.393196,
0.727405,
0.37848,
0.236552,
0.362828,
0.281904,
0.48769,
0.572577,
0.246196,
0.393306,
0.694212,
0.79238,
0.815295,
0.563168,
0.619446,
0.463015,
0.789602,
0.428421,
0.642297,
0.473456,
0.579942,
0.570839,
0.606191,
0.634478,
0.399387,
0.358683,
0.446428,
0.513606,
0.640198,
0.457114,
0.617517,
0.476464,
0.589808,
0.719915,
0.501365,
0.561258,
0.419238,
0.55037,
0.531029,
0.372581,
0.399287,
0.484477,
0.581589,
0.304893,
0.131621,
0.456706,
0.0969273,
0.214365,
0.589572,
0.555484,
0.498752,
0.446582,
0.307105,
0.193179,
0.691229,
0.437309,
0.31048,
0.366554,
0.577188,
0.612597,
0.668408,
0.450595,
0.381727,
0.665371,
0.436891,
0.540231,
0.277048,
0.530997,
0.474728,
0.574929,
0.521828,
0.607898,
0.405047,
0.590413,
0.302922,
0.415031,
0.614673,
0.386316,
0.557093,
0.666459,
0.699458,
0.646937,
0.683773,
0.566332,
0.445551,
0.609769,
0.447939,
0.319572,
0.306318,
0.752018,
0.494933,
0.422819,
0.677703,
0.536989,
0.500612,
0.41747,
0.651899,
0.523391,
0.42838,
0.311111,
0.612956,
0.578963,
0.557689,
0.248961,
0.316156,
0.346912,
0.670732,
0.50623,
0.331081,
0.401323,
0.393703,
0.546761,
0.52795,
0.240482,
0.503801,
0.565338,
0.4505,
0.344264,
0.377385,
0.409524,
0.482143,
0.371047,
0.494942,
0.499037,
0.264372,
0.494052,
0.830674,
0.550432,
0.530068,
0.637488,
0.479121,
0.417106,
0.439819,
0.693927,
0.525551,
0.443914,
0.777836,
0.419256,
0.493309,
0.448228,
0.269324,
0.533047,
0.566514,
0.307728,
0.314656,
0.393642,
0.477951,
0.486737,
0.644468,
0.0579277,
0.441926,
0.50593,
0.810845,
0.333949,
0.612186,
0.402686,
0.544861,
0.472405,
0.737518,
0.414718,
0.360212,
0.249786,
0.722646,
0.425481,
0.562652,
0.576699,
0.433054,
0.408193,
0.374371,
0.588608,
0.316985,
0.325503,
0.583166,
0.514717,
0.545664,
0.885434,
0.43842,
0.688564,
0.657375,
0.382051,
0.570938,
0.53724,
0.163885,
0.476559,
0.256727,
0.563068,
0.348771,
0.466263,
0.278099,
0.510996,
0.537779,
0.542349,
0.399891,
0.56073,
0.473426,
0.616468,
0.510466,
0.347404,
0.456225,
0.637523,
0.190057,
0.451251,
0.72593,
0.560472,
0.279992,
0.504268,
0.899449,
0.34621,
0.847425,
0.3164,
0.294396,
0.66462,
0.622009,
0.703812,
0.628052,
0.546309,
0.386967,
0.594521,
0.70591,
0.727251,
0.528934,
0.580601,
0.373176,
0.569203,
0.440875,
0.298911,
0.90532,
0.63354,
0.53054,
0.672631,
0.601611,
0.358891,
0.571481,
0.271902,
0.402009,
0.38257,
0.566979,
0.350375,
0.564758,
0.329601,
0.533068,
0.490957,
0.716662,
0.219498,
0.605128,
0.346699,
0.578293,
0.49741,
0.473308,
0.562677,
0.503827,
0.641716,
0.657268,
0.417626,
0.444913,
0.368472,
0.579781,
0.663002,
0.671904,
0.473413,
0.696725,
0.457424,
0.315438,
0.516986,
0.339977,
0.32161,
0.555898,
0.439251,
0.0854647,
0.480494,
0.462085,
0.596107,
0.325329,
0.455524,
0.565558,
0.32493,
0.666917,
0.487075,
0.432053,
0.467033,
0.690995,
0.625303,
0.122438,
0.459305,
0.547882,
0.717839,
0.410864,
0.31637,
0.373112,
0.320184,
0.575379,
0.15294,
0.382768,
0.660555,
0.40905,
0.556002,
0.227049,
0.601302,
0.380767,
0.548417,
0.567405,
0.577883,
0.417866,
0.503935,
0.433714,
0.199812,
0.497485,
0.577962,
0.609406,
0.279116,
0.599891,
0.442536,
0.389857,
0.278842,
0.552074,
0.334672,
0.581019,
0.611334,
0.160158,
0.715173,
0.459962,
0.407534,
0.233443,
0.423081,
0.714988,
0.425113,
0.590089,
0.539222,
0.72087,
0.648485,
0.689544,
0.455138,
0.42208,
0.351966,
0.547978,
0.383113,
0.669639,
0.509892,
0.293278,
0.4325,
0.341115,
0.386443,
0.549476,
0.487226,
0.608509,
0.788695,
0.467188,
0.167742,
0.29286,
0.483374,
0.55916,
0.0613702,
0.451478,
0.398702,
0.354751,
0.319322,
0.585121,
0.587426,
0.373146,
0.469873,
0.495203,
0.811804,
0.183898,
0.68779,
0.483222,
0.516553,
0.328364,
0.260367,
0.440177,
0.31322,
0.607907,
0.311171,
0.721411,
0.575307,
0.559003,
0.441789,
0.359171,
0.407938,
0.436503,
0.507742,
0.446705,
0.301382,
0.747501,
0.353813,
0.306058,
0.446252,
0.655711,
0.456802,
0.303697,
0.398804,
0.216308,
0.503071,
0.515835,
0.44373,
0.552735,
0.420057,
0.497564,
0.30755,
0.461948,
0.32836,
0.260364,
0.633013,
0.647958,
0.539746,
0.269397,
0.644529,
0.463539,
0.656006,
0.506948,
0.762559,
0.411558,
0.697027,
0.360516,
0.515466,
0.640973,
0.473946,
0.472547,
0.129399,
0.285411,
0.382985,
0.832257,
0.518508,
0.344306,
0.663267,
0.705705,
0.381559,
0.562473,
0.403596,
0.320284,
0.291062,
0.61446,
0.201032,
0.332357,
0.454553,
0.34302,
0.624026,
0.390242,
0.644294,
0.519798,
0.586425,
0.300866,
0.567263,
0.663643,
0.500382,
0.506029,
0.607257,
0.407378,
0.252614,
0.373629,
0.663655,
0.50595,
0.780984,
0.602548,
0.363013,
0.771067,
0.433302,
0.336106,
0.478456,
0.567732,
0.500392,
0.616462,
0.266081,
0.672594,
0.245515,
0.409601,
0.619599,
0.603273,
0.594665,
0.396228,
0.478577,
0.411181,
0.461558,
0.398673,
0.714959,
0.537845,
0.325698,
0.594262,
0.598941,
0.553777,
0.470814,
0.596695,
0.36349,
0.635292,
0.575731,
0.485667,
0.646472,
0.512328,
0.459877,
0.55075,
0.0358807,
0.738113,
0.696917,
0.495895,
0.48989,
0.688042,
0.753467,
0.473234,
0.309735,
0.395794,
0.437072,
0.560291,
0.401793,
0.637861,
0.47561,
0.322018,
0.474096,
0.809362,
0.341055,
0.344121,
0.368,
0.617342,
0.277789,
0.312389,
0.529854,
0.531401,
0.594496,
0.365462,
0.375397,
0.535962,
0.609148,
0.406335,
0.239928,
0.542368,
0.491255,
0.305351,
0.62307,
0.524785,
0.596536,
0.336874,
0.652302,
0.356996,
0.674937,
0.439526,
0.693756,
0.585,
0.763315,
0.410904,
0.439038,
0.518325,
0.796813,
0.406216,
0.396737,
0.229211,
0.442326,
0.757013,
0.736242,
0.56386,
0.562874,
0.387195,
0.383073,
0.560441,
0.567125,
0.463713,
0.45287,
0.424052,
0.443921,
0.561538,
0.383073,
0.531124,
0.358703,
0.610487,
0.665552,
0.400049,
0.247953,
0.338685,
0.605702,
0.368995,
0.551135,
0.589335,
0.537843,
0.744615,
0.69954,
0.442817,
0.382122,
0.445769,
0.514288,
0.535024,
0.396199,
0.385787,
0.580793,
0.408515,
0.813083,
0.35749,
0.504733,
0.356687,
0.34026,
0.595273,
0.739141,
0.568999,
0.522482,
0.571213,
0.428611,
0.593313,
0.719709,
0.334618,
0.74991,
0.628949,
0.373615,
0.710159,
0.562035,
0.729797,
0.501046,
0.408902,
0.648698,
0.195806,
0.374795,
0.463081,
0.519792,
0.417716,
0.467223,
0.403042,
0.407677,
0.399922,
0.363301,
0.632158,
0.546692,
0.357685,
0.375236,
0.445574,
0.273058,
0.642895,
0.517195,
0.397861,
0.467154,
0.323655,
0.473718,
0.644456,
0.587579,
0.5595,
0.781999,
0.518637,
0.37113,
0.474225,
0.654654,
0.427902,
0.641497,
0.250867,
0.422596,
0.495064,
0.5806,
0.597156,
0.74032,
0.457881,
0.307358,
0.490226,
0.273309,
0.499059,
0.852633,
0.673366,
0.584799,
0.316509,
0.630925,
0.597909,
0.572058,
0.582524,
0.675381,
0.458284,
0.467493,
0.668581,
0.562151,
0.536759,
0.334173,
0.382406,
0.651553,
0.425353,
0.574181,
0.561488,
0.411308,
0.401745,
0.513325,
0.604201,
0.495283,
0.451548,
0.415051,
0.273581,
0.613656,
0.198895,
0.298553,
0.489608,
0.434721,
0.224661,
0.496462,
0.519362,
0.570995,
0.586727,
0.295011,
0.559516,
0.577139,
0.705168,
0.551314,
0.471635,
0.557189,
0.257792,
0.314272,
0.39551,
0.424575,
0.233163,
0.553018,
0.56832,
0.698007,
0.804892,
0.520522,
0.528968,
0.31532,
0.468064,
0.624016,
0.378446,
0.119143,
0.576342,
0.355099,
0.573662,
0.393889,
0.70029,
0.397421,
0.455731,
0.293127,
0.630422,
0.563494,
0.44699,
0.812063,
0.427349,
0.56271,
0.506046,
0.608118,
0.524949,
0.402085,
0.439479,
0.297506,
0.494854,
0.603455,
0.686934,
0.36097,
0.545584,
0.578679,
0.485479,
0.483617,
0.499431,
0.64299,
0.415315,
0.283874,
0.478279,
0.370236,
0.477347,
0.538087,
0.300701,
0.390673,
0.653299,
0.330802,
0.519714,
0.395042,
0.360398,
0.396621,
0.36327,
0.693537,
0.553769,
0.384712,
0.830514,
0.654754,
0.550148,
0.691811,
0.798042,
0.662631,
0.644483,
0.731545,
0.461206,
0.504823,
0.569901,
0.555202,
0.604489,
0.308777,
0.675741,
0.382759,
0.354181,
0.437482,
0.42486,
0.334777,
0.560669,
0.416073,
0.785202,
0.415306,
0.240908,
0.554854,
0.181984,
0.507625,
0.545645,
0.509415,
0.597107,
0.612893,
0.422121,
0.521683,
0.805391,
0.323945,
0.734511,
0.199664,
0.536855,
0.532646,
0.295654,
0.538122,
0.647782,
0.546057,
0.412487,
0.614644,
0.505167,
0.366954,
0.487265,
0.557203,
0.186081,
0.501601,
0.530471,
0.450203,
0.445427,
0.505205,
0.626338,
0.295381,
0.653959,
0.653416,
0.310039,
0.687218,
0.396977,
0.4729,
0.403331,
0.516995,
0.667927,
0.649342,
0.532342,
0.549749,
0.529762,
0.504651,
0.594541,
0.501935,
0.590111,
0.53286,
0.358723,
0.229498,
0.440724,
0.447836,
0.636542,
0.571935,
0.494407,
0.409835,
0.277806,
0.475966,
0.426838,
0.551019,
0.570677,
0.221863,
0.490648,
0.568351,
0.45592,
0.432225,
0.318443,
0.543148,
0.314985,
0.623501,
0.299207,
0.314752,
0.458085,
0.361561,
0.5445,
0.475868,
0.383973,
0.580342,
0.668248,
0.473292,
0.474882,
0.425737,
0.500492,
0.398536,
0.490311,
0.310271,
0.500042,
0.55256,
0.578917,
0.680739,
0.358391,
0.485436,
0.403766,
0.574065,
0.222735,
0.502902,
0.509782,
0.463405,
0.614964,
0.239974,
0.519869,
0.410719,
0.621754,
0.710624,
0.560927,
0.224479,
0.60851,
0.781997,
0.530508,
0.449776,
0.625078,
0.703279,
0.555015,
0.65406,
0.45542,
0.523835,
0.596569,
0.408985,
0.492924,
0.66314,
0.636235,
0.406101,
0.734914,
0.679206,
0.47516,
0.34845,
0.255851,
0.539042,
0.356149,
0.257352,
0.439638,
0.414975,
0.284264,
0.38179,
0.744448,
0.431398,
0.344084,
0.384717,
0.524477,
0.418734,
0.518698,
0.562496,
0.785814,
0.642709,
0.389654,
0.425181,
0.421529,
0.445667,
0.307422,
0.51994,
0.471008,
0.575513,
0.393943,
0.73074,
0.338948,
0.524347,
0.526709,
0.421365,
0.483282,
0.65536,
0.451125,
0.691068,
0.266759,
0.473456,
0.454913,
0.370917,
0.459341,
0.643873,
0.223803,
0.547947,
0.422541,
0.643738,
0.546313,
0.491052,
0.640213,
0.492206,
0.563691,
0.456549,
0.500031,
0.379186,
0.750218,
0.814048,
0.335401,
0.672773,
0.524855,
0.400817,
0.72437,
0.735037,
0.474149,
0.441782,
0.178442,
0.416935,
0.335399,
0.399051,
0.35603,
0.246815,
0.473401,
0.529555,
0.549702,
0.478574,
0.524334,
0.369231,
0.465491,
0.351434,
0.394104,
0.439198,
0.921586,
0.499462,
0.771962,
0.57213,
0.489562,
0.692944,
0.303807,
0.551556,
0.366448,
0.396969,
0.323302,
0.415747,
0.685416,
0.569246,
0.383215,
0.698149,
0.501569,
0.533465,
0.468093,
0.421247,
0.513128,
0.57602,
0.496049,
0.394115,
0.207468,
0.36711,
0.451453,
0.517753,
0.696892,
0.621407,
0.431759,
0.578518,
0.346457,
0.345509,
0.378528,
0.63659,
0.375512,
0.49718,
0.272088,
0.690917,
0.485575,
0.498204,
0.309686,
0.629329,
0.588049,
0.430726,
0.496617,
0.494514,
0.599509,
0.664978,
0.511515,
0.585069,
0.550404,
0.257397,
0.676443,
0.34071,
0.640674,
0.745827,
0.766038,
0.742074,
0.430161,
0.392879,
0.619222,
0.448412,
0.526528,
0.626851,
0.505755,
0.488269,
0.402434,
0.734633,
0.738109,
0.472618,
0.385749,
0.671955,
0.478722,
0.45525,
0.493967,
0.351179,
0.561337,
0.29365,
0.57097,
0.419877,
0.290504,
0.665223,
0.23711,
0.243902,
0.542808,
0.579187,
0.445966,
0.363386,
0.57079,
0.496571,
0.368601,
0.604281,
0.630119,
0.602599,
0.403045,
0.466171,
0.713177,
0.432147,
0.579489,
0.397621,
0.446532,
0.540438,
0.56508,
0.497017,
0.53282,
0.665571,
0.548555,
0.515931,
0.544264,
0.280361,
0.571493,
0.337162,
0.435928,
0.530496,
0.458005,
0.317733,
0.558268,
0.398344,
0.703903,
0.532331,
0.556068,
0.404548,
0.596801,
0.735589,
0.456481,
0.578288,
0.388505,
0.487007,
0.592711,
0.453958,
0.282077,
0.255828,
0.553646,
0.777239,
0.591455,
0.378884,
0.36299,
0.362163,
0.548276,
0.605969,
0.255019,
0.222419,
0.703741,
0.505163,
0.72088,
0.41824,
0.735424,
0.561797,
0.51113,
0.580105,
0.608174,
0.516664,
0.598198,
0.322506,
0.286483,
0.533899,
0.413461,
0.618733,
0.622193,
0.600277,
0.266161,
0.563047,
0.248591,
0.274506,
0.622076,
0.400963,
0.420961,
0.448464,
0.543084,
0.541048,
0.411091,
0.274185,
0.449609,
0.664636,
0.370334,
0.509733,
0.583585,
0.657794,
0.757325,
0.527628,
0.578976,
0.414393,
0.272804,
0.671374,
0.56381,
0.550856,
0.446736,
0.535795,
0.528615,
0.579781,
0.460679,
0.409255,
0.586875,
0.431163,
0.245943,
0.486916,
0.330819,
0.647273,
0.671663,
0.531413,
0.26244,
0.604596,
0.254239,
0.740159,
0.542414,
0.656503,
0.663386,
0.492854,
0.629994,
0.353595,
0.342662,
0.416552,
0.635706,
0.728305,
0.567886,
0.161563,
0.377939,
0.288484,
0.511095,
0.430918,
0.527337,
0.792969,
0.343917,
0.433654,
0.289246,
0.583979,
0.280949,
0.429362,
0.621799,
0.589163,
0.430363,
0.772705,
0.390965,
0.449417,
0.453044,
0.425125,
0.929359,
0.549221,
0.400922,
0.607211,
0.469913,
0.527466,
0.629109,
0.382838,
0.469286,
0.510816,
0.509214,
0.518198,
0.382272,
0.568855,
0.525153,
0.58767,
0.67028,
0.417513,
0.487676,
0.45188,
0.245787,
0.393337,
0.417103,
0.504965,
0.464502,
0.43561,
0.435089,
0.451748,
0.605982,
0.526512,
0.586045,
0.509252,
0.627486,
0.335543,
0.665034,
0.343202,
0.392084,
0.605648,
0.27489,
0.578175,
0.443031,
0.669578,
0.477214,
0.306125,
0.490212,
0.397005,
0.454457,
0.583774,
0.506991,
0.509187,
0.804681,
0.627866,
0.528592,
0.380777,
0.279846,
0.46699,
0.45219,
0.621357,
0.361852,
0.16247,
0.522771,
0.755375,
0.506844,
0.459247,
0.683697,
0.56464,
0.374006,
0.458284,
0.597676,
0.341419,
0.537741,
0.494398,
0.568303,
0.539336,
0.425897,
0.734633,
0.421713,
0.707185,
0.572233,
0.630857,
0.727848,
0.373926,
0.337855,
0.649537,
0.611971,
0.606116,
0.586184,
0.551562,
0.571057,
0.621333,
0.601316,
0.55858,
0.763198,
0.346845,
0.684272,
0.664294,
0.18328,
0.39697,
0.587027,
0.329997,
0.702953,
0.390806,
0.603758,
0.439918,
0.712488,
0.532926,
0.460776,
0.58571,
0.649194,
0.583316,
0.324068,
0.60409,
0.392587,
0.4276,
0.526284,
0.542754,
0.69813,
0.491726,
0.159428,
0.596396,
0.20354,
0.524986,
0.543856,
0.687799,
0.224986,
0.526102,
0.583515,
0.46388,
0.626536,
0.433694,
0.807372,
0.361263,
0.584773,
0.528629,
0.501691,
0.502776,
0.343858,
0.671017,
0.768165,
0.526662,
0.469712,
0.511831,
0.523536,
0.549889,
0.382959,
0.636719,
0.81789,
0.336756,
0.570397,
0.467434,
0.616057,
0.616486,
0.619147,
0.522077,
0.495248,
0.32084,
0.710377,
0.465571,
0.760003,
0.423378,
0.535952,
0.403894,
0.488015,
0.760588,
0.504261,
0.47224,
0.614464,
0.343356,
0.409981,
0.582986,
0.591929,
0.274836,
0.317266,
0.607336,
0.590678,
0.497711,
0.377625,
0.337888,
0.547173,
0.432871,
0.455393,
0.959971,
0.540671,
0.609316,
0.467155,
0.510054,
0.634955,
0.614168,
0.552902,
0.423654,
0.49977,
0.408968,
0.588724,
0.446811,
0.636376,
0.567061,
0.738331,
0.475786,
0.464916,
0.455284,
0.333298,
0.586771,
0.430783,
0.348981,
0.41909,
0.502564,
0.584177,
0.563217,
0.349285,
0.281545,
0.563994,
0.486278,
0.37283,
0.526691,
0.47475,
0.427179,
0.249312,
0.51493,
0.0936345,
0.421529,
0.450256,
0.358758,
0.32796,
0.443809,
0.46115,
0.353673,
0.572516,
0.700704,
0.40349,
0.51579,
0.392933,
0.46301,
0.5824,
0.457145,
0.620694,
0.438461,
0.468318,
0.473361,
0.549834,
0.372813,
0.733388,
0.365992,
0.749479,
0.465245,
0.604291,
0.336633,
0.457937,
0.298575,
0.234222,
0.450463,
0.389836,
0.341688,
0.493008,
0.18238,
0.673726,
0.471683,
0.511537,
0.889987,
0.697131,
0.676737,
0.465257,
0.467741,
0.691464,
0.448918,
0.508937,
0.478306,
0.366712,
0.587316,
0.560054,
0.351831,
0.596074,
0.273941,
0.592298,
0.419909,
0.454815,
0.760236,
0.671251,
0.711766,
0.623347,
0.704229,
0.481748,
0.533317,
0.624921,
0.415126,
0.548055,
0.645625,
0.607942,
0.328277,
0.514485,
0.644383,
0.421476,
0.258993,
0.351509,
0.31434,
0.487166,
0.545299,
0.410856,
0.556288,
0.58919,
0.472487,
0.44278,
0.862983,
0.696524,
0.413063,
0.525156,
0.556032,
0.452402,
0.388704,
0.435316,
0.373443,
0.412048,
0.497112,
0.496561,
0.571607,
0.533495,
0.506323,
0.56258,
0.320951,
0.753598,
0.449898,
0.623365,
0.458789,
0.34006,
0.503526,
0.447177,
0.674061,
0.331417,
0.430392,
0.295676,
0.52942,
0.593225,
0.311799,
0.409881,
0.350873,
0.495218,
0.404486,
0.665937,
0.735982,
0.629378,
0.3445,
0.477908,
0.629788,
0.518973,
0.455912,
0.690905,
0.317353,
0.548938,
0.375519,
0.428712,
0.56603,
0.257356,
0.447417,
0.55411,
0.487681,
0.209771,
0.502693,
0.649488,
0.430611,
0.514078,
0.430689,
0.63235,
0.459936,
0.428238,
0.312795,
0.400663,
0.283234,
0.646537,
0.607174,
0.312171,
0.427483,
0.502418,
0.364905,
0.419583,
0.440024,
0.553643,
0.654878,
0.664197,
0.206353,
0.486065,
0.867898,
0.526956,
0.753584,
0.520034,
0.38369,
0.354709,
0.600649,
0.611104,
0.527655,
0.302704,
0.697996,
0.429082,
0.530321,
0.397411,
0.56287,
0.648004,
0.489595,
0.834041,
0.515311,
0.563119,
0.491238,
0.564377,
0.649252,
0.430556,
0.432752,
0.541895,
0.360392,
0.529849,
0.65292,
0.234162,
0.588938,
0.682257,
0.545636,
0.649372,
0.560359,
0.285713,
0.574325,
0.590408,
0.655068,
0.184693,
0.546281,
0.639659,
0.156204,
0.454027,
0.477328,
0.525084,
0.127032,
0.619787,
0.50623,
0.51454,
0.455133,
0.407072,
0.693494,
0.282883,
0.535603,
0.647863,
0.46263,
0.410183,
0.504206,
0.411705,
0.56036,
0.618197,
0.389417,
0.497501,
0.678265,
0.571559,
0.597956,
0.304295,
0.553535,
0.696063,
0.544688,
0.584059,
0.405373,
0.629143,
0.797572,
0.581298,
0.291153,
0.76267,
0.608507,
0.613046,
0.571173,
0.262323,
0.67842,
0.54115,
0.557393,
0.680426,
0.480354,
0.591335,
0.263638,
0.617922,
0.740149,
0.348472,
0.637562,
0.134934,
0.518286,
0.645891,
0.605644,
0.386678,
0.577828,
0.594743,
0.651203,
0.360001,
0.466307,
0.423522,
0.518075,
0.7288,
0.812116,
0.604525,
0.395486,
0.50505,
0.577823,
0.474669,
0.555234,
0.438656,
0.431603,
0.604316,
0.379441,
0.796309,
0.631088,
0.518653,
0.345779,
0.396435,
0.515804,
0.323466,
0.451235,
0.449115,
0.287667,
0.462575,
0.558215,
0.461764,
0.404666,
0.522141,
0.394156,
0.612237,
0.469278,
0.408695,
0.348721,
0.431083,
0.762827,
0.482507,
0.526638,
0.45606,
0.748668,
0.434527,
0.412758,
0.490129,
0.632318,
0.882952,
0.674553,
0.529405,
0.649723,
0.428148,
0.436524,
0.538068,
0.412211,
0.584763,
0.535429,
0.431313,
0.311268,
0.504062,
0.301446,
0.761185,
0.458351,
0.405301,
0.531832,
0.733298,
0.760315,
0.605765,
0.691801,
0.428646,
0.275849,
0.793039,
0.143066,
0.427005,
0.108564,
0.534047,
0.540503,
0.647507,
0.688501,
0.409981,
0.442883,
0.431217,
0.479782,
0.464338,
0.779897,
0.499737,
0.333197,
0.784034,
0.369608,
0.662966,
0.485175,
0.421129,
0.418559,
0.340044,
0.317043,
0.626604,
0.615094,
0.435167,
0.272152,
0.480236,
0.614991,
0.27004,
0.400157,
0.40398,
0.7255,
0.495568,
0.535124,
0.483457,
0.340294,
0.597289,
0.618631,
0.324839,
0.411881,
0.42576,
0.49005,
0.549685,
0.613125,
0.703736,
0.248422,
0.310962,
0.478587,
0.76878,
0.596089,
0.565988,
0.269116,
0.456955,
0.515835,
0.392218,
0.433985,
0.72995,
0.554697,
0.546881,
0.663341,
0.637601,
0.506695,
0.402024,
0.654703,
0.58326,
0.461314,
0.461338,
0.503628,
0.413568,
0.389183,
0.529062,
0.622866,
0.368514,
0.709626,
0.457415,
0.820109,
0.471826,
0.480933,
0.678679,
0.471255,
0.329777,
0.59969,
0.518945,
0.480767,
0.513475,
0.443403,
0.603295,
0.518818,
0.423783,
0.465639,
0.430667,
0.557747,
0.591125,
0.364352,
0.195495,
0.166974,
0.489982,
0.543731,
0.294794,
0.586153,
0.639418,
0.639407,
0.585455,
0.494853,
0.822715,
0.499369,
0.57771,
0.210694,
0.532497,
0.505994,
0.743425,
0.412372,
0.24619,
0.543114,
0.523575,
0.717996,
0.458428,
0.649488,
0.327703,
0.399748,
0.274181,
0.186902,
0.00645534,
0.657264,
0.779305,
0.6272,
0.813117,
0.18708,
0.503769,
0.530534,
0.544127,
0.312351,
0.504221,
0.148206,
0.588526,
0.45722,
0.850807,
0.447548,
0.469621,
0.7861,
0.627375,
0.558696,
0.608294,
0.390292,
0.769927,
0.486038,
0.430828,
0.507371,
0.36756,
0.50873,
0.614754,
0.690766,
0.438052,
0.353242,
0.430035,
0.549012,
0.589499,
0.585254,
0.333657,
0.685965,
0.382727,
0.468512,
0.529062,
0.723128,
0.451621,
0.481257,
0.479857,
0.459383,
0.448762,
0.465122,
0.487056,
0.578442,
0.746329,
0.511219,
0.548632,
0.517354,
0.346077,
0.39207,
0.3115,
0.500632,
0.301971,
0.382448,
0.519824,
0.492065,
0.460589,
0.761857,
0.649315,
0.525142,
0.623864,
0.42403,
0.626015,
0.347473,
0.525749,
0.62089,
0.342981,
0.518495,
0.49182,
0.488662,
0.417723,
0.694771,
0.495504,
0.620011,
0.568813,
0.649616,
0.47302,
0.424507,
0.633111,
0.612612,
0.661361,
0.41219,
0.656049,
0.765495,
0.77038,
0.542006,
0.843181,
0.351839,
0.244373,
0.478995,
0.630633,
0.637724,
0.214905,
0.676191,
0.482761,
0.34114,
0.450012,
0.478045,
0.638285,
0.703097,
0.463621,
0.360947,
0.719111,
0.672439,
0.430165,
0.68584,
0.684344,
0.406648,
0.316287,
0.381588,
0.425191,
0.564927,
0.61608,
0.59554,
0.443111,
0.849291,
0.640304,
0.708697,
0.836636,
0.465104,
0.555482,
0.734878,
0.52825,
0.245422,
0.47791,
0.481233,
0.775222,
0.521007,
0.470313,
0.681272,
0.463389,
0.538139,
0.614531,
0.465182,
0.29557,
0.290116,
0.347937,
0.40966,
0.37997,
0.477907,
0.448375,
0.451571,
0.622629,
0.662255,
0.436196,
0.36082,
0.41857,
0.73427,
0.635234,
0.345274,
0.626313,
0.672964,
0.709821,
0.527773,
0.521616,
0.676754,
0.45665,
0.531128,
0.406806,
0.513048,
0.289023,
0.329912,
0.468113,
0.517516,
0.614028,
0.355295,
0.533468,
0.761494,
0.555071,
0.436918,
0.656825,
0.54739,
0.29067,
0.370312,
0.435103,
0.48586,
0.588375,
0.557973,
0.597141,
0.552283,
0.361055,
0.575541,
0.405353,
0.555397,
0.636886,
0.388369,
0.369541,
0.490074,
0.503786,
0.559369,
0.496946,
0.511348,
0.313752,
0.524873,
0.28528,
0.528625,
0.502368,
0.511239,
0.199228,
0.360655,
0.767643,
0.557436,
0.646577,
0.622695,
0.514523,
0.380236,
0.51726,
0.296567,
0.448836,
0.511167,
0.306976,
0.54874,
0.403316,
0.248247,
0.616325,
0.507355,
0.390404,
0.252396,
0.551574,
0.334664,
0.44718,
0.697618,
0.426614,
0.37826,
0.638093,
0.625705,
0.323229,
0.402625,
0.338727,
0.541165,
0.239857,
0.310526,
0.737299,
0.480352,
0.527594,
0.484827,
0.488395,
0.612115,
0.385482,
0.402945,
0.507367,
0.424711,
0.659784,
0.258951,
0.427664,
0.323688,
0.536219,
0.345309,
0.56694,
0.488452,
0.495158,
0.479721,
0.211675,
0.656922,
0.574432,
0.747793,
0.573233,
0.700492,
0.536701,
0.190359,
0.66311,
0.513609,
0.398529,
0.498885,
0.617288,
0.752981,
0.390891,
0.602484,
0.647962,
0.571778,
0.489839,
0.486844,
0.722564,
0.510179,
0.705904,
0.488545,
0.41089,
0.473723,
0.227496,
0.692801,
0.579982,
0.356995,
0.275257,
0.471936,
0.887112,
0.764471,
0.525252,
0.340727,
0.450028,
0.82853,
0.538743,
0.6225,
0.308672,
0.298069,
0.380505,
0.561255,
0.490138,
0.264469,
0.342111,
0.48024,
0.414209,
0.663665,
0.304549,
0.71729,
0.299315,
0.8493,
0.771005,
0.76228,
0.599777,
0.528455,
0.569969,
0.341642,
0.309062,
0.30101,
0.480795,
0.472819,
0.470026,
0.254206,
0.538584,
0.457581,
0.387065,
0.30078,
0.198593,
0.71077,
0.342595,
0.384633,
0.539886,
0.398984,
0.47238,
0.464826,
0.59125,
0.592528,
0.562397,
0.239037,
0.508885,
0.60565,
0.238695,
0.514568,
0.44467,
0.571043,
0.587518,
0.554327,
0.457494,
0.727176,
0.450905,
0.546045,
0.459334,
0.269441,
0.485099,
0.253545,
0.666585,
0.54878,
0.158339,
0.496723,
0.717021,
0.617726,
0.481462,
0.614683,
0.55216,
0.704992,
0.609797,
0.434543,
0.488821,
0.4426,
0.568888,
0.60091,
0.586125,
0.610211,
0.473932,
0.165131,
0.544547,
0.682264,
0.29732,
0.304954,
0.490514,
0.404706,
0.329217,
0.524496,
0.293631,
0.456099,
0.570479,
0.617281,
0.333675,
0.616236,
0.443094,
0.509987,
0.406566,
0.488095,
0.569065,
0.571579,
0.726678,
0.401324,
0.414061,
0.739884,
0.286767,
0.304064,
0.585538,
0.403304,
0.482622,
0.816872,
0.428437,
0.144691,
0.448338,
0.512994,
0.32621,
0.344922,
0.571916,
0.542568,
0.259809,
0.449427,
0.676016,
0.724496,
0.547614,
0.554468,
0.196647,
0.568651,
0.646865,
0.702833,
0.473526,
0.462569,
0.554099,
0.416615,
0.554336,
0.579728,
0.429802,
0.535742,
0.695131,
0.188533,
0.399457,
0.573593,
0.589424,
0.619695,
0.474924,
0.475601,
0.543857,
0.560395,
0.485917,
0.285672,
0.583516,
0.364855,
0.816979,
0.385265,
0.495036,
0.437665,
0.308703,
0.253533,
0.822542,
0.592482,
0.663345,
0.423719,
0.619377,
0.644695,
0.735469,
0.41612,
0.624174,
0.417964,
0.470404,
0.533417,
0.367756,
0.589517,
0.63217,
0.573921,
0.531235,
0.516591,
0.67975,
0.5668,
0.503069,
0.755766,
0.166888,
0.220456,
0.608865,
0.7136,
0.514585,
0.340107,
0.424024,
0.565494,
0.646577,
0.522783,
0.417169,
0.30723,
0.789228,
0.639165,
0.559059,
0.302137,
0.499163,
0.769172,
0.439058,
0.558082,
0.379628,
0.494168,
0.507243,
0.339988,
0.541692,
0.599132,
0.800116,
0.464401,
0.740807,
0.44994,
0.564544,
0.23376,
0.589225,
0.535321,
0.587198,
0.519037,
0.450083,
0.460234,
0.249105,
0.551723,
0.574702,
0.399074,
0.424714,
0.416629,
0.277132,
0.747378,
0.521567,
0.453783,
0.41441,
0.75916,
0.271502,
0.40666,
0.358589,
0.450114,
0.630715,
0.552773,
0.611834,
0.641667,
0.155128,
0.41666,
0.582187,
0.415421,
0.365995,
0.466245,
0.488325,
0.536388,
0.270622,
0.495091,
0.421521,
0.665469,
0.359057,
0.233431,
0.410093,
0.483825,
0.685404,
0.624425,
0.172902,
0.341335,
0.637702,
0.82361,
0.602874,
0.482597,
0.37572,
0.603333,
0.376861,
0.72497,
0.692015,
0.585889,
0.487721,
0.44099,
0.283193,
0.488085,
0.713614,
0.521038,
0.330513,
0.354286,
0.427128,
0.694298,
0.648637,
0.172576,
0.58917,
0.127242,
0.378123,
0.548238,
0.642898,
0.590374,
0.512715,
0.63286,
0.557355,
0.309753,
0.488844,
0.262943,
0.851433,
0.579147,
0.337196,
0.542433,
0.234789,
0.403279,
0.301946,
0.406823,
0.531145,
0.505024,
0.543303,
0.413248,
0.534979,
0.584622,
0.358036,
0.549016,
0.340774,
0.250971,
0.586045,
0.638169,
0.54743,
0.625257,
0.446015,
0.418855,
0.461454,
0.452135,
0.618053,
0.413151,
0.654933,
0.634848,
0.459394,
0.581112,
0.500123,
0.349681,
0.504811,
0.377867,
0.594569,
0.440573,
0.510511,
0.413566,
0.55708,
0.496055,
0.55766,
0.665095,
0.490296,
0.504885,
0.328893,
0.427229,
0.560711,
0.458929,
0.59556,
0.537385,
0.584009,
0.517688,
0.325597,
0.761473,
0.511009,
0.733135,
0.618652,
0.458912,
0.603931,
0.345533,
0.394355,
0.852951,
0.3841,
0.664816,
0.404756,
0.398199,
0.583173,
0.329077,
0.528342,
0.504754,
0.517245,
0.70262,
0.352329,
0.389511,
0.513211,
0.737198,
0.290128,
0.487796,
0.632144,
0.665937,
0.642475,
0.43468,
0.441823,
0.635132,
0.375842,
0.398939,
0.662767,
0.624726,
0.326543,
0.446056,
0.723887,
0.50043,
0.418631,
0.541034,
0.382116,
0.56013,
0.347989,
0.500039,
0.505797,
0.449122,
0.593914,
0.588901,
0.590195,
0.339213,
0.281269,
0.866614,
0.520566,
0.394889,
0.672901,
0.225684,
0.352897,
0.504841,
0.603934,
0.620754,
0.261738,
0.566183,
0.467109,
0.4597,
0.531564,
0.495735,
0.564844,
0.493355,
0.107854,
0.426302,
0.5915,
0.488192,
0.449722,
0.493533,
0.349471,
0.285574,
0.450452,
0.425255,
0.668378,
0.283422,
0.315547,
0.708152,
0.627783,
0.235366,
0.622813,
0.394908,
0.401255,
0.442614,
0.493024,
0.657035,
0.521853,
0.687419,
0.503153,
0.797546,
0.574599,
0.301511,
0.29842,
0.737362,
0.323682,
0.524992,
0.543413,
0.312265,
0.503732,
0.460918,
0.413171,
0.610367,
0.230807,
0.351271,
0.536784,
0.692961,
0.306784,
0.587585,
0.406769,
0.793006,
0.5112,
0.290874,
0.51498,
0.540284,
0.576894,
0.436836,
0.622462,
0.472193,
0.472194,
0.445479,
0.50409,
0.353781,
0.51474,
0.404047,
0.370172,
0.346774,
0.700424,
0.615127,
0.304637,
0.628145,
0.537777,
0.566978,
0.500429,
0.658823,
0.445496,
0.522137,
0.583748,
0.335807,
0.584524,
0.24951,
0.327678,
0.560511,
0.613412,
0.491963,
0.67736,
0.606212,
0.57043,
0.586251,
0.527117,
0.596505,
0.395042,
0.440936,
0.618727,
0.436819,
0.426983,
0.49179,
0.372996,
0.458872,
0.701304,
0.500851,
0.596858,
0.750318,
0.508264,
0.663677,
0.553704,
0.53784,
0.539493,
0.361762,
0.33725,
0.358536,
0.28977,
0.611552,
0.786792,
0.476006,
0.678606,
0.35897,
0.20144,
0.219758,
0.575928,
0.60399,
0.518123,
0.74481,
0.327215,
0.436036,
0.499328,
0.420464,
0.461798,
0.528581,
0.422839,
0.367161,
0.486374,
0.572127,
0.449263,
0.545633,
0.727616,
0.389178,
0.508588,
0.378711,
0.452268,
0.615381,
0.724479,
0.463462,
0.465159,
0.416868,
0.625324,
0.417142,
0.52124,
0.473757,
0.513725,
0.400141,
0.457216,
0.717146,
0.230388,
0.332757,
0.377363,
0.493562,
0.658816,
0.525898,
0.304713,
0.687037,
0.639167,
0.296353,
0.409003,
0.450233,
0.658599,
0.405,
0.524882,
0.626093,
0.551185,
0.666213,
0.581503,
0.619258,
0.556124,
0.306276,
0.572324,
0.583345,
0.490986,
0.549414,
0.427784,
0.560855,
0.483762,
0.347565,
0.595785,
0.658789,
0.316526,
0.538471,
0.490399,
0.509976,
0.606455,
0.469692,
0.630302,
0.37772,
0.746058,
0.572806,
0.520448,
0.351163,
0.436221,
0.44091,
0.200322,
0.310731,
0.671741,
0.529961,
0.492908,
0.380804,
0.48944,
0.84333,
0.438019,
0.329568,
0.411614,
0.722056,
0.443502,
0.885892,
0.553516,
0.699695,
0.330162,
0.560337,
0.454651,
0.428953,
0.599596,
0.411845,
0.276474,
0.277747,
0.380362,
0.700712,
0.52507,
0.739175,
0.456077,
0.295654,
0.479239,
0.457194,
0.408993,
0.407196,
0.398343,
0.658911,
0.558783,
0.526243,
0.470701,
0.42792,
0.52453,
0.331275,
0.426869,
0.578312,
0.496722,
0.39526,
0.673999,
0.614776,
0.458741,
0.586324,
0.494353,
0.480612,
0.504154,
0.391474,
0.691555,
0.295513,
0.500248,
0.517855,
0.439037,
0.723385,
0.444273,
0.650693,
0.545538,
0.345355,
0.439342,
0.459208,
0.160191,
0.335053,
0.858291,
0.659996,
0.438372,
0.260345,
0.419704,
0.778039,
0.435806,
0.361286,
0.402001,
0.632987,
0.635001,
0.645318,
0.437173,
0.810797,
0.683077,
0.315894,
0.277577,
0.256866,
0.467254,
0.500281,
0.576382,
0.627841,
0.705011,
0.682836,
0.347536,
0.723097,
0.451095,
0.479083,
0.46622,
0.575145,
0.424161,
0.348636,
0.532443,
0.210133,
0.611925,
0.400201,
0.603834,
0.529087,
0.659558,
0.221913,
0.383474,
0.435132,
0.594862,
0.443439,
0.305768,
0.639416,
0.580384,
0.726596,
0.55609,
0.389342,
0.566395,
0.678869,
0.364294,
0.671791,
0.318121,
0.362664,
0.5843,
0.536244,
0.272035,
0.431723,
0.455557,
0.282633,
0.666878,
0.573759,
0.434533,
0.493029,
0.443963,
0.492618,
0.656538,
0.585568,
0.574289,
0.274305,
0.571396,
0.615768,
0.440133,
0.667142,
0.487482,
0.694896,
0.513439,
0.633666,
0.2547,
0.621351,
0.42198,
0.38481,
0.557812,
0.314991,
0.284448,
0.342661,
0.563318,
0.564951,
0.720863,
0.710741,
0.469975,
0.327401,
0.51727,
0.415593,
0.189957,
0.389844,
0.561244,
0.650205,
0.484497,
0.76134,
0.515074,
0.760104,
0.449395,
0.631928,
0.637008,
0.593432,
0.425129,
0.498633,
0.346209,
0.506465,
0.389696,
0.755213,
0.233734,
0.411568,
0.604668,
0.733583,
0.438929,
0.523672,
0.467996,
0.524113,
0.469468,
0.595189,
0.400454,
0.313678,
0.131708,
0.598443,
0.600959,
0.351325,
0.575464,
0.275806,
0.403795,
0.582823,
0.322758,
0.472308,
0.427509,
0.66505,
0.702387,
0.483389,
0.225087,
0.50409,
0.716075,
0.42423,
0.420536,
0.362729,
0.547583,
0.456871,
0.513786,
0.429927,
0.698537,
0.672714,
0.728057,
0.356212,
0.633904,
0.485661,
0.263982,
0.237491,
0.466468,
0.518031,
0.237147,
0.358122,
0.322659,
0.65808,
0.631817,
0.249287,
0.621082,
0.50219,
0.529944,
0.579496,
0.38209,
0.380071,
0.488603,
0.194969,
0.463593,
0.41661,
0.347067,
0.705759,
0.65495,
0.552447,
0.689543,
0.556934,
0.475799,
0.456358,
0.443782,
0.275577,
0.610271,
0.480318,
0.819793,
0.632969,
0.749703,
0.116363,
0.392165,
0.356444,
0.682594,
0.47368,
0.653614,
0.273755,
0.68392,
0.351726,
0.333706,
0.243415,
0.463698,
0.433293,
0.38253,
0.320251,
0.327851,
0.301083,
0.457782,
0.756177,
0.422649,
0.261718,
0.670862,
0.491912,
0.234257,
0.544599,
0.899014,
0.229107,
0.442244,
0.498044,
0.249141,
0.595058,
0.488125,
0.557875,
0.420152,
0.434925,
0.58649,
0.177167,
0.38594,
0.45523,
0.58358,
0.667541,
0.563367,
0.569623,
0.690091,
0.629169,
0.353411,
0.417293,
0.48363,
0.396143,
0.49581,
0.430478,
0.414709,
0.338023,
0.241529,
0.234154,
0.639143,
0.52048,
0.615724,
0.292465,
0.439479,
0.42001,
0.533079,
0.460526,
0.505734,
0.785562,
0.424776,
0.416463,
0.260279,
0.733966,
0.461697,
0.677802,
0.536578,
0.371281,
0.856604,
0.281894,
0.818654,
0.102543,
0.369066,
0.6372,
0.592687,
0.553592,
0.545917,
0.369936,
0.653451,
0.376079,
0.402847,
0.580845,
0.560045,
0.389861,
0.556295,
0.631267,
0.621213,
0.725688,
0.516383,
0.476471,
0.619738,
0.739494,
0.394724,
0.346796,
0.770953,
0.660023,
0.483046,
0.432899,
0.622035,
0.41844,
0.619673,
0.458159,
0.545642,
0.274087,
0.582308,
0.301629,
0.498419,
0.800372,
0.418727,
0.63124,
0.343928,
0.290661,
0.480786,
0.537429,
0.504557,
0.539434,
0.596314,
0.457753,
0.367533,
0.640654,
0.583855,
0.332211,
0.523867,
0.521704,
0.551224,
0.439205,
0.663447,
0.484976,
0.375936,
0.553902,
0.60201,
0.63,
0.580884,
0.397634,
0.407211,
0.545166,
0.381682,
0.734191,
0.397543,
0.775398,
0.41893,
0.727086,
0.391035,
0.560861,
0.770662,
0.374162,
0.435244,
0.433076,
0.431612,
0.346555,
0.399124,
0.269049,
0.244511,
0.526569,
0.443646,
0.549924,
0.295958,
0.451842,
0.487939,
0.583835,
0.541396,
0.300804,
0.465941,
0.537388,
0.507343,
0.55072,
0.720116,
0.449182,
0.420782,
0.406511,
0.440178,
0.699853,
0.458935,
0.591624,
0.769842,
0.468906,
0.649264,
0.493411,
0.405831,
0.300525,
0.414676,
0.639163,
0.454056,
0.362,
0.386853,
0.238945,
0.309378,
0.612873,
0.419729,
0.43568,
0.44013,
0.559431,
0.280209,
0.349273,
0.270316,
0.252826,
0.519373,
0.599038,
0.543553,
0.622924,
0.330325,
0.563436,
0.294592,
0.426674,
0.615589,
0.372017,
0.617157,
0.413129,
0.36522,
0.149625,
0.533829,
0.429704,
0.641788,
0.329833,
0.622182,
0.562241,
0.372596,
0.801368,
0.781157,
0.616005,
0.572792,
0.334735,
0.437393,
0.626132,
0.556533,
0.387922,
0.444113,
0.572203,
0.618842,
0.542746,
0.356755,
0.536426,
0.419001,
0.437008,
0.357634,
0.581125,
0.271655,
0.49775,
0.490083,
0.586043,
0.758259,
0.514755,
0.464064,
0.637574,
0.349707,
0.731249,
0.531633,
0.282379,
0.597534,
0.560448,
0.472487,
0.378582,
0.658211,
0.513945,
0.726086,
0.580918,
0.620739,
0.170155,
0.334207,
0.450492,
0.663854,
0.470969,
0.325334,
0.446924,
0.40742,
0.36645,
0.39896,
0.579426,
0.464728,
0.423973,
0.608045,
0.325162,
0.407073,
0.521735,
0.552515,
0.298452,
0.644849,
0.473479,
0.497216,
0.510919,
0.501781,
0.417616,
0.636617,
0.4957,
0.366945,
0.553224,
0.466632,
0.58959,
0.622853,
0.395256,
0.567648,
0.350666,
0.43597,
0.472379,
0.663628,
0.461262,
0.526673,
0.501938,
0.473105,
0.297951,
0.431856,
0.18397,
0.847669,
0.504623,
0.287294,
0.607709,
0.664928,
0.500493,
0.700938,
0.526383,
0.506653,
0.62951,
0.604935,
0.574776,
0.773768,
0.639238,
0.486177,
0.634254,
0.493385,
0.29115,
0.372289,
0.566077,
0.660347,
0.271383,
0.569623,
0.61763,
0.611539,
0.32219,
0.49351,
0.438557,
0.77947,
0.44836,
0.482475,
0.433773,
0.504543,
0.153283,
0.513549,
0.512648,
0.480188,
0.468539,
0.420474,
0.561255,
0.500719,
0.331716,
0.580581,
0.726677,
0.30491,
0.684688,
0.439916,
0.13547,
0.444262,
0.659695,
0.308782,
0.12322,
0.356497,
0.280244,
0.234337,
0.728422,
0.440141,
0.379315,
0.31981,
0.299073,
0.508254,
0.634351,
0.160345,
0.416743,
0.735563,
0.591131,
0.495435,
0.515248,
0.378,
0.457707,
0.727169,
0.36933,
0.354212,
0.340486,
0.596611,
0.359252,
0.446348,
0.596733,
0.442557,
0.423237,
0.382197,
0.622009,
0.705672,
0.469073,
0.642084,
0.655601,
0.49757,
0.337187,
0.515628,
0.364181,
0.249307,
0.275376,
0.612312,
0.473396,
0.466333,
0.361133,
0.427456,
0.541443,
0.661361,
0.644105,
0.675926,
0.676473,
0.404772,
0.374702,
0.556978,
0.227956,
0.747218,
0.366332,
0.599257,
0.443315,
0.500465,
0.46859,
0.625948,
0.54393,
0.477446,
0.541027,
0.318514,
0.314016,
0.501565,
0.53359,
0.560859,
0.609265,
0.253572,
0.428222,
0.443799,
0.660345,
0.449385,
0.399757,
0.524944,
0.324264,
0.318096,
0.386308,
0.526484,
0.538093,
0.628331,
0.216028,
0.607964,
0.3875,
0.260885,
0.563903,
0.481587,
0.374219,
0.291633,
0.53054,
0.484797,
0.388447,
0.702864,
0.607712,
0.44525,
0.591464,
0.55553,
0.704623,
0.463201,
0.450905,
0.372914,
0.632067,
0.414568,
0.63889,
0.55341,
0.568556,
0.579736,
0.472902,
0.356573,
0.578637,
0.527299,
0.610213,
0.351019,
0.411939,
0.59955,
0.299065,
0.532285,
0.643005,
0.455405,
0.121448,
0.353784,
0.438703,
0.647449,
0.728586,
0.361895,
0.417989,
0.572191,
0.656807,
0.543996,
0.390866,
0.507726,
0.567008,
0.587939,
0.418112,
0.486464,
0.480004,
0.664716,
0.487267,
0.54409,
0.491624,
0.235393,
0.355425,
0.746833,
0.45104,
0.453791,
0.686146,
0.484923,
0.473387,
0.499575,
0.589517,
0.430601,
0.466592,
0.629868,
0.202323,
0.569242,
0.466254,
0.551802,
0.572079,
0.506131,
0.479747,
0.630974,
0.473566,
0.182145,
0.524862,
0.355528,
0.514908,
0.571071,
0.461789,
0.626913,
0.73469,
0.43058,
0.518527,
0.483793,
0.566972,
0.648619,
0.624122,
0.448379,
0.778597,
0.511028,
0.499376,
0.664364,
0.413329,
0.639047,
0.389649,
0.434718,
0.651701,
0.699638,
0.597176,
0.66144,
0.659904,
0.396931,
0.376069,
0.236129,
0.671983,
0.420942,
0.648017,
0.429072,
0.356464,
0.507023,
0.282559,
0.435515,
0.519691,
0.491421,
0.321537,
0.617489,
0.225526,
0.330315,
0.460522,
0.42875,
0.393347,
0.306885,
0.557276,
0.303079,
0.509141,
0.601812,
0.281944,
0.646262,
0.431705,
0.371538,
0.678444,
0.528568,
0.632099,
0.481956,
0.853917,
0.597689,
0.38936,
0.7919,
0.658698,
0.570839,
0.650025,
0.706954,
0.382344,
0.404941,
0.510644,
0.453995,
0.450092,
0.703263,
0.543027,
0.324555,
0.53639,
0.542855,
0.615001,
0.773809,
0.738538,
0.569797,
0.487573,
0.413151,
0.483728,
0.490833,
0.558486,
0.510412,
0.484829,
0.516448,
0.358518,
0.194203,
0.511821,
0.635342,
0.559657,
0.366679,
0.429391,
0.600477,
0.417457,
0.48547,
0.52609,
